23
122      ----------------------line 1
23
143      ----------------------line 2
23  
164      ----------------------line 3
23
191      ----------------------line 4
23
224      ----------------------line 5
23
251      ----------------------line 6
23
278      ----------------------line 7
23
299      ----------------------line 8
23
320      ----------------------line 9
23
341      ----------------------line 10
23
368      ----------------------line 11
23
395      ----------------------line 12
23
422      ----------------------line 13
23
449      ----------------------line 14
23
476      ----------------------line 15
23
503      ----------------------line 16
23
536      ----------------------line 17
23
557      ----------------------line 18
23
578      ----------------------line 19
23
605      ----------------------line 20
23
632      ----------------------line 21
23
659      ----------------------line 22
23
680      ----------------------line 23
23
701      ----------------------line 24
23
728      ----------------------line 25
23
755      ----------------------line 26
23
782      ----------------------line 27
23
809      ----------------------line 28
23
0
50
1        //print newline
10
9
2
9
2
24
1        //print 
1 
14
6
14
1
35
9
2
26
15
22
71   
24
1         //print -
1 
14
6
14
1
45
9
2
26
15
22
85  
24
1         //print space
1 
14
6
14
1
32
9
2
26
15
22
99  
24
1         //print 
1 
14
6
14
1
59
9
2
26
15
22
113   
24
1    //line 1
2   
27   
23   
66   
28   
1    
28   
27   
23   
80   
28   
1    
4  
27   
23   
66   
28   
23
59    
24
1    //line 2
3   
27   
23   
66   
28   
1    
28   
27   
23   
80   
28   
1    
3  
27   
23   
66   
28   
23
59   
24
1    //line 3
1  
27   
23   
94  
28
1    
4  
27   
23   
66   
28   
1    
27   
27   
23   
80   
28   
1    
2 
27   
23   
66   
28   
23
59   
24
1    //line 4
3 
27   
23   
94   
28
1    
5  
27   
23   
66    
28   
1    
23   
27   
23   
80   
28   
1    
2  
27   
23   
108  
28
1    
1 
27   
23   
66   
28   
23
59      
24
1    //line 5
5  
27   
23   
94   
28
1    
7 
27   
23   
66    
28   
1    
17   
27   
23   
80    
28   
1    
4
27   
23   
108    
28   
23
59     
24
1    //line 6
8
27   
23   
94   
28
1    
9  
27   
23   
66    
28   
1    
9   
27   
23   
80    
28   
1    
5 
27   
23   
108   
28   
23
59     
24
1    //line 7
12  
27   
23   
94   
28
1    
10  
27   
23   
66    
28      
1    
7 
27   
23   
108    
28   
23
59     
24
1    //line 8
15  
27   
23   
94   
28
1    
9
27   
23   
66    
28      
1    
2 
27   
23   
108    
28   
23
59      
24
1    //line 9
13  
27   
23   
94   
28
1    
6  
27   
23   
108    
28   
1    
8  
27   
23   
66    
28    
23
59     
24
1    //line 10
10 
27   
23   
94   
28
1    
9  
27   
23   
108    
28   
1    
4   
27   
23   
80   
28   
1    
7
27   
23   
66    
28   
23
59      
24
1    //line 11
7  
27   
23   
94   
28
1    
8 
27   
23   
108    
28   
1    
11   
27   
23   
80    
28   
1    
6
27   
23   
66    
28   
23
59      
24
1    //line 12
4  
27   
23   
94   
28
1    
7 
27   
23   
108    
28   
1    
17   
27   
23   
80    
28   
1    
5
27   
23   
66    
28   
23
59      
24
1    //line 13
2  
27   
23   
94   
28
1    
6 
27   
23   
108    
28   
1    
22   
27   
23   
80    
28   
1    
4
27   
23   
66    
28   
23
59      
24
1    //line 14
1  
27   
23   
94   
28
1    
5 
27   
23   
108    
28   
1    
25   
27   
23   
80    
28   
1    
3
27   
23   
66    
28   
23
59      
24
1    //line 15
1  
27   
23   
66   
28
1    
3 
27   
23   
108    
28   
1    
28   
27   
23   
80    
28   
1    
2
27   
23   
66    
28   
23
59      
24
1    //line 16
1  
27   
23   
66   
28
1    
2 
27   
23   
108    
28   
1    
28   
27   
23   
80    
28   
1    
2
27   
23   
108    
28  
1    
1 
27   
23   
66    
28 
23
59      
24
1    //line 17
2 
27   
23   
66    
28   
1    
27   
27   
23   
80    
28   
1    
4
27   
23   
108    
28   
23
59      
24
1    //line 18
3 
27   
23   
66    
28   
1    
23   
27   
23   
80    
28   
1    
5
27   
23   
108    
28   
23
59      
24
1    //line 19
1  
27   
23   
94   
28
1    
4 
27   
23   
66    
28   
1    
18   
27   
23   
80    
28   
1    
7
27   
23   
108    
28   
23
59      
24
1    //line 20
3  
27   
23   
94   
28
1    
5 
27   
23   
66    
28   
1    
9   
27   
23   
80    
28   
1    
9
27   
23   
108    
28   
23
59      
24
1    //line 21
5  
27   
23   
94   
28
1    
7 
27   
23   
66    
28   
1    
1   
27   
23   
80    
28   
1    
10
27   
23   
108    
28   
23
59      
24
1    //line 22
8  
27   
23   
94   
28
1    
9 
27   
23   
66    
28     
1    
2
27   
23   
108    
28   
23
59      
24
1    //line 23
7  
27   
23   
94   
28
1    
5 
27   
23   
108    
28     
1    
10
27   
23   
66    
28   
23
59      
24
1    //line 24
4  
27   
23   
94   
28
1    
7 
27   
23   
108    
28   
1    
4   
27   
23   
80    
28   
1    
9
27   
23   
66    
28   
23
59      
24
1    //line 25
2  
27   
23   
94   
28
1    
6 
27   
23   
108    
28   
1    
11   
27   
23   
80    
28   
1    
8
27   
23   
66    
28   
23
59      
24
1    //line 26
1  
27   
23   
94   
28
1    
5 
27   
23   
108    
28   
1    
17   
27   
23   
80    
28   
1    
7
27   
23   
66    
28   
23
59      
24
1    //line 27
1  
27   
23   
66   
28
1    
3 
27   
23   
108    
28   
1    
22   
27   
23   
80    
28   
1    
6
27   
23   
66    
28   
23
59      
24
1    //line 28
1  
27   
23   
66   
28
1    
2 
27   
23   
108    
28   
1    
25   
27   
23   
80   
28   
1    
5
27   
23   
66    
28   
23
59      
24

.1000
30